BOARD_TYPE: Diamond
SIZE: 10
MODE: Automated

START_STATE: [[0, 0, 0, 0, 0, 1, 0, 0, 0, 0], [0, 0, 0, 0, 1, 1, 1, 0, 0, 0], [0, 0, 0, 1, 1, 1, 1, 1, 0, 0], [0, 0, 1, 1, 1, 1, 1, 1, 1, 0], [0, 1, 1, 1, 1, 1, 1, 1, 1, 1], [1, 1, 1, 1, 1, 2, 1, 1, 1, 1], [0, 1, 1, 1, 1, 1, 1, 1, 1, 1], [0, 0, 1, 1, 1, 1, 1, 1, 1, 0], [0, 0, 0, 1, 1, 1, 1, 1, 0, 0], [0, 0, 0, 0, 1, 1, 1, 0, 0, 0]]
MOVE: (5,7) -> (5,5)
MOVE: (3,7) -> (5,7)
MOVE: (6,7) -> (4,7)
MOVE: (8,7) -> (6,7)
MOVE: (5,9) -> (5,7)
MOVE: (3,5) -> (3,7)
MOVE: (5,7) -> (7,7)
MOVE: (6,5) -> (6,7)
MOVE: (6,7) -> (8,7)
MOVE: (3,8) -> (3,6)
MOVE: (7,5) -> (7,7)
MOVE: (4,5) -> (6,5)
MOVE: (7,3) -> (7,5)
MOVE: (9,4) -> (7,4)
MOVE: (8,6) -> (8,4)
MOVE: (7,8) -> (5,8)
MOVE: (6,4) -> (6,6)
MOVE: (8,7) -> (6,7)
MOVE: (7,4) -> (7,6)
MOVE: (5,8) -> (3,8)
MOVE: (6,7) -> (6,5)
MOVE: (1,5) -> (3,5)
MOVE: (2,3) -> (2,5)
MOVE: (3,5) -> (1,5)
MOVE: (9,6) -> (9,4)
MOVE: (6,2) -> (6,4)
MOVE: (4,3) -> (6,3)
MOVE: (4,2) -> (6,2)
MOVE: (6,4) -> (6,6)
MOVE: (2,7) -> (2,5)
MOVE: (9,4) -> (7,4)
MOVE: (3,6) -> (5,6)
MOVE: (4,4) -> (6,4)
MOVE: (6,6) -> (4,6)
MOVE: (6,4) -> (8,4)
MOVE: (4,6) -> (4,8)
MOVE: (3,3) -> (3,5)
MOVE: (6,2) -> (6,4)
MOVE: (2,5) -> (4,5)
MOVE: (3,8) -> (5,8)
MOVE: (0,5) -> (2,5)
MOVE: (5,0) -> (5,2)
MOVE: (8,3) -> (8,5)
RESULT: Loss (Pegs: 15)
