BOARD_TYPE: English
SIZE: 7
MODE: Manual

START_STATE: [[0, 0, 1, 1, 1, 0, 0], [0, 0, 1, 1, 1, 0, 0], [1, 1, 1, 1, 1, 1, 1], [1, 1, 1, 2, 1, 1, 1], [1, 1, 1, 1, 1, 1, 1], [0, 0, 1, 1, 1, 0, 0], [0, 0, 1, 1, 1, 0, 0]]
MOVE: (1,3) -> (3,3)
MOVE: (4,3) -> (2,3)
MOVE: (3,1) -> (3,3)
MOVE: (3,4) -> (3,2)
MOVE: (5,4) -> (3,4)
MOVE: (3,5) -> (3,3)
MOVE: (3,3) -> (3,1)
MOVE: (3,0) -> (3,2)
MOVE: (4,1) -> (4,3)
MOVE: (5,3) -> (3,3)
MOVE: (3,2) -> (3,4)
MOVE: (2,4) -> (4,4)
MOVE: (4,5) -> (4,3)
MOVE: (6,2) -> (4,2)
MOVE: (4,3) -> (4,1)
MOVE: (4,0) -> (4,2)
MOVE: (6,4) -> (6,2)
MOVE: (2,2) -> (2,4)
MOVE: (1,4) -> (3,4)
MOVE: (2,6) -> (2,4)
MOVE: (2,0) -> (2,2)
MOVE: (1,2) -> (3,2)
MOVE: (3,2) -> (5,2)
MOVE: (6,2) -> (4,2)
MOVE: (3,4) -> (1,4)
MOVE: (0,4) -> (2,4)
MOVE: (0,2) -> (0,4)
MOVE: (4,6) -> (2,6)
RESULT: Loss (Pegs: 4)
