BOARD_TYPE: Hexagon
SIZE: 7
MODE: Manual

START_STATE: [[0, 0, 0, 1, 1, 1, 1], [0, 0, 1, 1, 1, 1, 1], [0, 1, 1, 1, 1, 1, 1], [1, 1, 1, 2, 1, 1, 1], [1, 1, 1, 1, 1, 1, 0], [1, 1, 1, 1, 1, 0, 0], [1, 1, 1, 1, 0, 0, 0]]
MOVE: (3,5) -> (3,3)
MOVE: (3,2) -> (3,4)
MOVE: (5,3) -> (3,3)
MOVE: (3,4) -> (3,2)
MOVE: (5,1) -> (3,3)
MOVE: (3,2) -> (3,4)
RANDOMIZE: [[0, 0, 0, 1, 1, 2, 2], [0, 0, 1, 1, 2, 1, 1], [0, 2, 1, 1, 2, 2, 1], [1, 1, 1, 1, 2, 2, 2], [1, 1, 1, 1, 1, 1, 0], [1, 1, 2, 2, 2, 0, 0], [2, 1, 2, 2, 0, 0, 0]]
MOVE: (3,2) -> (3,4)
MOVE: (4,3) -> (2,5)
MOVE: (2,2) -> (2,4)
MOVE: (1,6) -> (1,4)
MOVE: (1,4) -> (3,4)
RANDOMIZE: [[0, 0, 0, 1, 1, 2, 1], [0, 0, 1, 2, 1, 1, 1], [0, 1, 1, 1, 2, 1, 2], [1, 2, 1, 2, 1, 1, 2], [2, 2, 1, 1, 2, 1, 0], [1, 1, 1, 2, 2, 0, 0], [1, 1, 1, 2, 0, 0, 0]]
MOVE: (6,1) -> (6,3)
MOVE: (5,1) -> (5,3)
MOVE: (5,3) -> (3,3)
MOVE: (4,2) -> (2,4)
MOVE: (1,5) -> (3,3)
MOVE: (2,3) -> (4,3)
MOVE: (3,4) -> (5,2)
MOVE: (2,2) -> (4,2)
MOVE: (6,0) -> (4,0)
MOVE: (3,0) -> (5,0)
MOVE: (4,2) -> (6,2)
MOVE: (6,3) -> (6,1)
MOVE: (3,5) -> (1,5)
MOVE: (0,6) -> (2,4)
MOVE: (1,4) -> (3,4)
MOVE: (1,2) -> (3,0)
MOVE: (0,3) -> (0,5)
RESULT: Loss (Pegs: 7)
